seqnames	start	end	width	strand	component	qvalue	enrichment
chr21	43939251	43939500	250	*	1	4.69879559721486e-140	1.37891166674081
chr21	43646751	43647000	250	*	1	2.52005132701817e-137	1.42361118100234
chr21	43810751	43811000	250	*	1	1.86403600024493e-121	1.30519117203952
chr21	43939001	43939250	250	*	1	2.10821177634974e-121	1.1982028303047
chr21	37712251	37712500	250	*	1	6.3570966725969e-118	1.70989407836514
chr21	36028501	36028750	250	*	1	2.16918034235394e-115	1.37269464317539
chr21	25801501	25801750	250	*	1	1.93293273288973e-113	1.53309167892677
chr21	36141501	36141750	250	*	1	1.90322143941949e-112	1.44456077221526
chr21	45556001	45556250	250	*	1	1.1221498809445e-107	1.25131414405506
chr21	15483251	15483500	250	*	1	7.43048959844049e-107	1.30045607229267
chr21	43789251	43789500	250	*	1	6.14955813750084e-102	1.25536826893977
chr21	42450001	42450250	250	*	1	7.36564458469966e-101	1.14120801831306
chr21	38734001	38734250	250	*	1	5.61178126880286e-100	1.33127889874869
chr21	42309751	42310000	250	*	1	2.58065701115934e-97	1.25253000515553
chr21	33924001	33924250	250	*	1	4.91468628741932e-97	1.35145052701707
chr21	36977001	36977250	250	*	1	5.28120022660481e-97	1.27307960761011
chr21	43789501	43789750	250	*	1	8.6842132072897e-97	1.51132386446153
chr21	41283251	41283500	250	*	1	8.88181852542171e-97	1.4395222731418
chr21	42145501	42145750	250	*	1	2.92080028982481e-96	1.21988894710236
chr21	45292501	45292750	250	*	1	1.31012971394739e-95	1.20893741308782
chr21	25608251	25608500	250	*	1	1.7438814154645e-95	1.25738109916289
chr21	38356001	38356250	250	*	1	4.63727795378501e-95	1.53428642436431
chr21	44297751	44298000	250	*	1	1.33213830907376e-94	1.18060720632189
chr21	36420001	36420250	250	*	1	1.39183781463329e-94	1.32889563613075
chr21	42117501	42117750	250	*	1	3.77814409482562e-94	1.23263519731783
chr21	34745501	34745750	250	*	1	3.50839912969762e-93	1.42808353130097
chr21	37675251	37675500	250	*	1	2.76449341852706e-91	1.46760506709993
chr21	26170751	26171000	250	*	1	6.2285576504318e-91	1.67626089077216
chr21	44932751	44933000	250	*	1	1.53716735481738e-90	1.38064290954939
chr21	45555001	45555250	250	*	1	2.11496185766337e-90	1.49050070564236
chr21	45596751	45597000	250	*	1	9.14978945505897e-86	1.40396139859473
chr21	37010001	37010250	250	*	1	1.64271366299654e-85	1.30028414257971
chr21	43975501	43975750	250	*	1	1.85627492569849e-84	1.31137096740447
chr21	32258501	32258750	250	*	1	3.4789709882027e-84	1.86787173899757
chr21	29849751	29850000	250	*	1	7.32563384546996e-84	1.44258039736885
chr21	44949751	44950000	250	*	1	1.37326543992879e-83	1.30831570023311
chr21	45439501	45439750	250	*	1	1.37326543992879e-83	1.30831570023311
chr21	42164501	42164750	250	*	1	9.16236522447986e-82	1.30212016810781
chr21	33361251	33361500	250	*	1	5.09728432202689e-81	1.15510504291092
chr21	44892751	44893000	250	*	1	9.63504995302962e-79	1.3232139006006
chr21	44510501	44510750	250	*	1	2.32984129236651e-77	1.41903467332414
chr21	42593251	42593500	250	*	1	2.09055884347803e-76	1.44096985100817
chr21	45970751	45971000	250	*	1	2.09055884347803e-76	1.50055942685631
chr21	45128751	45129000	250	*	1	6.50214704874649e-75	1.13428188409175
chr21	14864751	14865000	250	*	1	3.28881241642307e-74	1.18791527971532
chr21	36927751	36928000	250	*	1	3.32801655367287e-74	1.30639892584629
chr21	34890001	34890250	250	*	1	1.18931036819742e-73	1.52485184775827
chr21	36422251	36422500	250	*	1	8.16505767785964e-72	1.26582819245229
chr21	34510501	34510750	250	*	1	9.08135309298415e-72	1.42268410881112
chr21	25607501	25607750	250	*	1	1.18104393484976e-71	1.28036290680348
chr21	42258751	42259000	250	*	1	1.3599903034666e-71	1.17812292687935
chr21	36112751	36113000	250	*	1	3.92670748406786e-71	1.24871328241032
chr21	32601001	32601250	250	*	1	5.75908513311522e-70	1.54964559707337
chr21	45140501	45140750	250	*	1	2.440279297065e-69	1.19132745985151
chr21	25881751	25882000	250	*	1	2.84977441487399e-69	1.34234033388878
chr21	39138251	39138500	250	*	1	8.58339940977715e-69	1.28503764705865
chr21	32772001	32772250	250	*	1	1.10996313358306e-68	1.0010015975953
chr21	38352751	38353000	250	*	1	1.68317319670367e-68	1.3193410181433
chr21	45820501	45820750	250	*	1	3.59933867643852e-67	1.26227493226189
chr21	28745751	28746000	250	*	1	3.98924339145404e-67	1.43106289858583
chr21	25801751	25802000	250	*	1	5.28492045384689e-67	1.27760299800475
chr21	41816751	41817000	250	*	1	5.23925136473572e-66	1.21453700694678
chr21	34351751	34352000	250	*	1	8.44903584942476e-66	1.22712216873176
chr21	45820751	45821000	250	*	1	8.44903584942476e-66	1.22712216873176
chr21	31086501	31086750	250	*	1	9.95929505485693e-65	1.32299711321051
chr21	25421751	25422000	250	*	1	1.45451387934092e-64	1.02449054612569
chr21	38170251	38170500	250	*	1	2.02050429125341e-64	1.39117433283637
chr21	34603001	34603250	250	*	1	1.35000880607339e-63	1.19157624705824
chr21	34348001	34348250	250	*	1	3.7832046905852e-62	1.29193611703018
chr21	45137251	45137500	250	*	1	7.33309928144569e-62	1.33137253999819
chr21	34362001	34362250	250	*	1	6.09567500015011e-61	1.18010501595312
chr21	31580751	31581000	250	*	1	6.51725387491951e-61	1.23518717698859
chr21	36504251	36504500	250	*	1	8.2005588111698e-60	1.18775913721461
chr21	33199751	33200000	250	*	1	1.18507506336267e-58	1.03267391593981
chr21	17925001	17925250	250	*	1	5.8274651470596e-58	1.36093708691076
chr21	28745251	28745500	250	*	1	5.8274651470596e-58	1.36093708691076
chr21	45973751	45974000	250	*	1	5.06431415518587e-56	1.18351041578863
chr21	38126751	38127000	250	*	1	4.31149749088284e-55	1.37407532823964
chr21	39126001	39126250	250	*	1	4.31149749088284e-55	1.37407532823964
chr21	41460751	41461000	250	*	1	9.90623836076138e-55	1.27604167155476
chr21	28745001	28745250	250	*	1	2.05333835656374e-54	1.31811355109108
chr21	32826751	32827000	250	*	1	2.74868126694292e-54	1.34234675856351
chr21	39388751	39389000	250	*	1	3.19459714818174e-54	1.10429831417
chr21	34361751	34362000	250	*	1	4.99780073120686e-54	1.18767370241463
chr21	29476501	29476750	250	*	1	1.1565348896265e-53	1.15865011051137
chr21	36331001	36331250	250	*	1	2.4030060928119e-53	1.1326032886859
chr21	46147501	46147750	250	*	1	4.04930490579684e-53	1.51383770453542
chr21	46143501	46143750	250	*	1	5.98765123830733e-53	1.26674830070615
chr21	46661251	46661500	250	*	1	2.3473475208728e-52	1.35942166891834
chr21	32569751	32570000	250	*	1	6.36561704478603e-52	1.14984588367688
chr21	42833501	42833750	250	*	1	1.94329599769125e-51	1.35439093466466
chr21	33127501	33127750	250	*	1	2.13455650894037e-51	1.17420044106784
chr21	35400501	35400750	250	*	1	2.99208154219213e-51	1.50321662723104
chr21	32940501	32940750	250	*	1	1.58933367853958e-50	1.3492833994138
chr21	41816501	41816750	250	*	1	2.79174379288921e-50	1.07475415642263
chr21	45478251	45478500	250	*	1	3.43818020525165e-50	1.14080369555887
chr21	45478001	45478250	250	*	1	4.9937806493678e-50	1.19726564775714
chr21	33197001	33197250	250	*	1	4.3148379033549e-49	1.03293415516722
chr21	34202001	34202250	250	*	1	7.7968933437591e-49	1.31236811214494
chr21	38219001	38219250	250	*	1	1.82297326731248e-48	1.24231859006619
chr21	36125501	36125750	250	*	1	1.8436008689356e-48	1.13151032471025
chr21	44911751	44912000	250	*	1	1.8436008689356e-48	1.44108896666389
chr21	39388501	39388750	250	*	1	5.96694678318297e-48	1.08260440442029
chr21	36630751	36631000	250	*	1	6.16160697338656e-48	1.3070997183628
chr21	31604751	31605000	250	*	1	8.34655202948097e-48	1.2193192743207
chr21	41817251	41817500	250	*	1	8.34655202948097e-48	1.2193192743207
chr21	34630501	34630750	250	*	1	1.18790841048625e-47	1.16850215608627
chr21	44793251	44793500	250	*	1	1.89176483629339e-47	1.02424427293208
chr21	36939501	36939750	250	*	1	3.73869931487315e-47	1.19779982299333
chr21	38159251	38159500	250	*	1	8.88993614065617e-47	1.16354594732111
chr21	36990001	36990250	250	*	1	8.9203229951572e-47	1.35756209276236
chr21	41069001	41069250	250	*	1	1.27267021532007e-46	1.52958493979875
chr21	33605751	33606000	250	*	1	6.00144478975886e-46	1.08219418176236
chr21	36589501	36589750	250	*	1	1.36422772449015e-45	1.12839318379097
chr21	37221251	37221500	250	*	1	1.73186716027856e-45	0.956242176119025
chr21	45880501	45880750	250	*	1	2.06729509290346e-45	1.26732879600139
chr21	25882001	25882250	250	*	1	2.57745326250594e-45	1.14047735957926
chr21	29298751	29299000	250	*	1	3.06339014804658e-45	1.29077769850021
chr21	31098751	31099000	250	*	1	3.64212918238973e-45	1.20375662769498
chr21	36543001	36543250	250	*	1	3.64212918238973e-45	1.20375662769498
chr21	38356251	38356500	250	*	1	8.85427603532259e-45	1.41800857064345
chr21	31098501	31098750	250	*	1	9.47513458904833e-45	1.12336244953729
chr21	45152251	45152500	250	*	1	9.47513458904833e-45	1.12336244953729
chr21	25639751	25640000	250	*	1	1.56422337192643e-44	1.18223717636762
chr21	28517001	28517250	250	*	1	6.16427174839404e-44	1.37364525182606
chr21	17679001	17679250	250	*	1	2.63366935479628e-43	1.14295256644171
chr21	33894751	33895000	250	*	1	2.82399362321498e-43	1.30534694986412
chr21	42107751	42108000	250	*	1	8.8955055670859e-43	1.08644696798478
chr21	35840251	35840500	250	*	1	9.02379030699346e-43	1.17144477854361
chr21	14120251	14120500	250	*	1	1.81244697999329e-42	1.09678636122671
chr21	31866001	31866250	250	*	1	2.26603822403535e-42	1.29942587215591
chr21	41862001	41862250	250	*	1	3.6370988557777e-42	1.15122620973243
chr21	33445251	33445500	250	*	1	3.48791145278528e-41	0.965877179438365
chr21	44305001	44305250	250	*	1	3.72190637511361e-41	1.21797245193148
chr21	42924001	42924250	250	*	1	4.36314546677636e-41	1.02318465998155
chr21	34510751	34511000	250	*	1	5.006855183061e-41	1.43787961302481
chr21	37642501	37642750	250	*	1	9.50999687716769e-41	1.26166954455086
chr21	41610501	41610750	250	*	1	9.50999687716769e-41	1.26166954455086
chr21	46153251	46153500	250	*	1	9.50999687716769e-41	1.26166954455086
chr21	15826251	15826500	250	*	1	1.01654462662264e-40	1.12663054657912
chr21	41069251	41069500	250	*	1	2.01568511012051e-40	2.96857166444194
chr21	34693251	34693500	250	*	1	3.04552172431972e-40	1.07063917308769
chr21	46285751	46286000	250	*	1	6.40571101221071e-40	1.08072556962056
chr21	45140251	45140500	250	*	1	2.73020978197385e-39	1.10297014130298
chr21	42258501	42258750	250	*	1	5.698267125331e-39	1.00074619163353
chr21	29372501	29372750	250	*	1	8.80868933902879e-39	0.95122352011706
chr21	42537501	42537750	250	*	1	2.13710042685243e-38	0.956164970536514
chr21	41778251	41778500	250	*	1	3.01482497333267e-38	1.41759903480774
chr21	38219251	38219500	250	*	1	3.89361631093115e-38	1.15832645388304
chr21	42381501	42381750	250	*	1	4.65389903825648e-38	1.24290592750525
chr21	33127251	33127500	250	*	1	6.71970640614992e-38	1.08013657273729
chr21	41369501	41369750	250	*	1	1.39574782045462e-37	1.09143337477873
chr21	31786001	31786250	250	*	1	5.4169634842641e-37	1.16893433454453
chr21	36113001	36113250	250	*	1	9.77318998408899e-37	1.18725999924875
chr21	46229001	46229250	250	*	1	1.72707314132971e-36	1.35939781054509
chr21	39518501	39518750	250	*	1	7.21359967529637e-36	1.07948453914161
chr21	39441501	39441750	250	*	1	8.34353374904095e-36	1.12441556747168
chr21	37009751	37010000	250	*	1	8.85866945193566e-36	0.998279128045874
chr21	43612001	43612250	250	*	1	3.7084592952177e-35	1.2478580120934
chr21	44793501	44793750	250	*	1	4.6942562835861e-35	1.01346580338684
chr21	34801501	34801750	250	*	1	5.64335831743224e-35	1.17413956071489
chr21	37700751	37701000	250	*	1	1.19468881214975e-34	1.13306692996651
chr21	32258251	32258500	250	*	1	1.75835800427722e-34	1.44121920146858
chr21	36209751	36210000	250	*	1	2.17914720715893e-34	1.09782481669889
chr21	45099001	45099250	250	*	1	4.25291788709838e-34	1.16738120741158
chr21	36990251	36990500	250	*	1	8.76789816968473e-34	1.12644239830357
chr21	43811001	43811250	250	*	1	1.61742273359022e-33	1.02442332988723
chr21	33374751	33375000	250	*	1	6.99115722204562e-33	0.968219597472796
chr21	45556251	45556500	250	*	1	7.65525808742936e-33	0.950277660725002
chr21	36542751	36543000	250	*	1	1.7609023826312e-32	1.05422501522507
chr21	23968751	23969000	250	*	1	1.78085967732357e-32	1.2262682984371
chr21	20999751	21000000	250	*	1	4.51066868708082e-32	1.28527951349588
chr21	46229251	46229500	250	*	1	6.54361023707768e-32	1.32177140087841
chr21	29499751	29500000	250	*	1	8.79542119770988e-32	1.36486863003192
chr21	30044501	30044750	250	*	1	1.07605145993975e-31	1.41702655014343
chr21	33606001	33606250	250	*	1	1.65022368087597e-31	1.09126690042208
chr21	41612751	41613000	250	*	1	1.65022368087597e-31	1.09126690042208
chr21	36977251	36977500	250	*	1	3.75394226981959e-31	1.03048557352016
chr21	17387001	17387250	250	*	1	1.42098719872503e-30	0.990464719261202
chr21	39518251	39518500	250	*	1	2.58125607532031e-30	1.02372722021685
chr21	41134001	41134250	250	*	1	2.87436623799599e-30	1.26934698698773
chr21	34603251	34603500	250	*	1	4.97980206439259e-30	1.11419595383863
chr21	29376751	29377000	250	*	1	6.00535268186291e-30	1.34813927316123
chr21	34582751	34583000	250	*	1	8.24960999115185e-30	1.20318870239087
chr21	43645501	43645750	250	*	1	1.26752153197831e-29	1.04493939046032
chr21	25608501	25608750	250	*	1	2.89274229403639e-29	0.914615208589597
chr21	29376501	29376750	250	*	1	6.38050330110377e-29	1.19512760731758
chr21	14864501	14864750	250	*	1	7.24042461417966e-29	0.919565208042273
chr21	37166751	37167000	250	*	1	8.7333297103883e-29	1.03774503828878
chr21	44893001	44893250	250	*	1	1.40193023772518e-28	1.14248160817733
chr21	45137001	45137250	250	*	1	1.63001149204234e-28	0.962874558866938
chr21	32653251	32653500	250	*	1	2.64301649254772e-28	1.16339903764144
chr21	42108001	42108250	250	*	1	3.3310342782746e-28	0.993504791463178
chr21	45128501	45128750	250	*	1	4.15226719459364e-28	0.897291492613447
chr21	30831251	30831500	250	*	1	6.29733506541137e-28	1.44614565599251
chr21	34243751	34244000	250	*	1	8.41078917273217e-28	1.2134540750329
chr21	29164501	29164750	250	*	1	1.0235913821819e-27	1.13442051310404
chr21	33924251	33924500	250	*	1	1.02768998744523e-27	0.955976865616118
chr21	34630751	34631000	250	*	1	1.03829492403389e-27	0.901747119757062
chr21	31604501	31604750	250	*	1	1.29606660439005e-27	1.04194094127824
chr21	36854501	36854750	250	*	1	1.93744376462954e-27	1.15513891282445
chr21	38505751	38506000	250	*	1	3.71233856326761e-27	1.10775310938494
chr21	42337751	42338000	250	*	1	3.71233856326761e-27	1.10775310938494
chr21	25386001	25386250	250	*	1	6.56690293871918e-27	0.911405215156667
chr21	45152501	45152750	250	*	1	6.56690293871918e-27	0.911405215156667
chr21	27701001	27701250	250	*	1	1.08252796709513e-26	1.23500752401969
chr21	14773751	14774000	250	*	1	6.13579289290627e-26	1.02637902190837
chr21	29196251	29196500	250	*	1	7.11407467038641e-26	0.78304192327396
chr21	24896251	24896500	250	*	1	7.79489497226056e-26	0.99714655874034
chr21	34367501	34367750	250	*	1	8.49732893864772e-26	1.22584222187547
chr21	41121751	41122000	250	*	1	1.06970699842523e-25	1.13798047868101
chr21	38352501	38352750	250	*	1	1.35274122275082e-25	1.03853649564626
chr21	43918251	43918500	250	*	1	1.78824500378461e-25	1.00731298079364
chr21	29348501	29348750	250	*	1	2.17729741309157e-25	0.881466541539996
chr21	25708501	25708750	250	*	1	2.5346845835977e-25	0.934387151959817
chr21	44932501	44932750	250	*	1	2.95646518067103e-25	1.35267579212091
chr21	42338001	42338250	250	*	1	3.70054946575746e-25	1.18667866679133
chr21	37582751	37583000	250	*	1	6.51804491005089e-25	1.21641875236569
chr21	44950001	44950250	250	*	1	9.17092516349162e-25	1.03027637082927
chr21	37582501	37582750	250	*	1	1.08268292973635e-24	1.25108546764209
chr21	31581001	31581250	250	*	1	1.49757687066896e-24	1.15162284220533
chr21	44012501	44012750	250	*	1	1.49757687066896e-24	1.15162284220533
chr21	39867251	39867500	250	*	1	3.14132707450012e-24	1.40554964815917
chr21	31866251	31866500	250	*	1	5.70770732777772e-24	1.11989427252919
chr21	43611751	43612000	250	*	1	6.20824401211042e-24	1.02180713877557
chr21	26716001	26716250	250	*	1	2.00953124092625e-23	1.33176243250505
chr21	41170501	41170750	250	*	1	2.02773145607603e-23	1.09091574799178
chr21	32403251	32403500	250	*	1	2.12343442482441e-23	1.16755859374055
chr21	14864251	14864500	250	*	1	2.14361345725827e-23	0.972953907415194
chr21	32653501	32653750	250	*	1	3.08948747391962e-23	1.04871579975107
chr21	43646501	43646750	250	*	1	5.10787082088781e-23	0.982522528849659
chr21	17679251	17679500	250	*	1	5.97227734994936e-23	0.932291175888568
chr21	32826501	32826750	250	*	1	6.62469608777205e-23	1.23080612460286
chr21	45439251	45439500	250	*	1	9.47439449316747e-23	1.02571648400558
chr21	30341001	30341250	250	*	1	1.07310896911555e-22	1.27134438757655
chr21	36966501	36966750	250	*	1	1.82566737881351e-22	1.79774675257624
chr21	34745751	34746000	250	*	1	2.97975564097938e-22	1.10077419947841
chr21	36125751	36126000	250	*	1	3.61530722385372e-22	0.947369765319525
chr21	14403751	14404000	250	*	1	6.33866386194609e-22	0.855990844686617
chr21	46504251	46504500	250	*	1	6.40064226965662e-22	1.01655118186137
chr21	44801001	44801250	250	*	1	9.17972332402656e-22	0.931087929852521
chr21	35940251	35940500	250	*	1	1.31177740378849e-21	1.30945412814026
chr21	25039751	25040000	250	*	1	1.36485562382791e-21	0.844668663272331
chr21	35051251	35051500	250	*	1	2.12910246145501e-21	1.09078815480193
chr21	44456001	44456250	250	*	1	2.20633974184743e-21	1.4541437258626
chr21	38334001	38334250	250	*	1	3.22423210610484e-21	1.04512827122191
chr21	25862501	25862750	250	*	1	3.96293459817691e-21	1.2092178107872
chr21	44012751	44013000	250	*	1	4.25809825265875e-21	1.00712771235158
chr21	29090001	29090250	250	*	1	5.51387511647577e-21	0.946874569264143
chr21	33360751	33361000	250	*	1	5.51387511647577e-21	0.946874569264143
chr21	14259751	14260000	250	*	1	5.558827965257e-21	0.922398727762775
chr21	25314001	25314250	250	*	1	5.558827965257e-21	0.922398727762775
chr21	29164251	29164500	250	*	1	6.59229469054763e-21	1.24903608321176
chr21	21164001	21164250	250	*	1	6.90520936350595e-21	1.06180963026452
chr21	45554751	45555000	250	*	1	7.46557774757662e-21	0.836797231837467
chr21	34509251	34509500	250	*	1	8.45971473270625e-21	1.13665918944821
chr21	43356001	43356250	250	*	1	2.80134352840449e-20	0.99743110881059
chr21	41122001	41122250	250	*	1	2.9828591180439e-20	1.19787775898496
chr21	43718751	43719000	250	*	1	2.9828591180439e-20	1.19787775898496
chr21	38805001	38805250	250	*	1	3.41241193938506e-20	0.93770926711993
chr21	33361001	33361250	250	*	1	3.53383063312694e-20	0.782304186194209
chr21	29372251	29372500	250	*	1	4.13072082868125e-20	0.828736136764178
chr21	32601251	32601500	250	*	1	5.0950602136966e-20	1.23729813874979
chr21	39373751	39374000	250	*	1	5.0950602136966e-20	1.23729813874979
chr21	20999501	20999750	250	*	1	1.2008436975532e-19	1.15351444016757
chr21	37642751	37643000	250	*	1	1.2008436975532e-19	1.15351444016757
chr21	38669251	38669500	250	*	1	1.2008436975532e-19	1.34671479324323
chr21	41167751	41168000	250	*	1	1.2008436975532e-19	1.15351444016757
chr21	45973501	45973750	250	*	1	1.45124843705596e-19	1.02484892818268
chr21	25283751	25284000	250	*	1	2.09543961308883e-19	0.928285797610148
chr21	17925251	17925500	250	*	1	2.16421993423842e-19	1.09063511229966
chr21	34722751	34723000	250	*	1	2.16421993423842e-19	1.09063511229966
chr21	37759001	37759250	250	*	1	3.94967063746646e-19	1.22513336108572
chr21	45102751	45103000	250	*	1	7.21189639459671e-19	1.05890654262352
chr21	34367251	34367500	250	*	1	8.93038722791838e-19	1.1417764957056
chr21	31109001	31109250	250	*	1	1.18066920487607e-18	0.977151765771359
chr21	45818251	45818500	250	*	1	1.70340814526254e-18	1.17397503685892
chr21	44267751	44268000	250	*	1	5.06544653450979e-18	1.04756649082128
chr21	31623751	31624000	250	*	1	5.22904665484641e-18	1.259808689601
chr21	45542251	45542500	250	*	1	5.3530644615459e-18	2.71252465444927
chr21	41460501	41460750	250	*	1	6.60361487438426e-18	1.00326061436702
chr21	43355751	43356000	250	*	1	8.10186220491104e-18	0.935413745632815
chr21	28940251	28940500	250	*	1	2.01937618673846e-17	0.916347704518086
chr21	41283501	41283750	250	*	1	2.36008388656283e-17	1.09044816295738
chr21	42164251	42164500	250	*	1	4.15246582228561e-17	1.24615432278044
chr21	34890251	34890500	250	*	1	4.88499263261159e-17	1.11698788961641
chr21	42593501	42593750	250	*	1	9.30920707931199e-17	1.38564306977834
chr21	37463251	37463500	250	*	1	1.23766444794877e-16	0.905727643264972
chr21	34352001	34352250	250	*	1	1.69408571252402e-16	1.07782433453227
chr21	40144001	40144250	250	*	1	3.58777166022571e-16	1.1038690016283
chr21	14738001	14738250	250	*	1	5.92768489275932e-16	0.733262612790614
chr21	42923751	42924000	250	*	1	6.99210462310643e-16	0.763675450978575
chr21	36104751	36105000	250	*	1	7.24205127174013e-16	1.13457795362513
chr21	36917501	36917750	250	*	1	7.24205127174013e-16	1.13457795362513
chr21	26850251	26850500	250	*	1	7.77315759734821e-16	0.95548477143698
chr21	37564501	37564750	250	*	1	7.89127554078365e-16	0.922703948826097
chr21	42145751	42146000	250	*	1	9.12879743787992e-16	0.817007112745117
chr21	44875501	44875750	250	*	1	9.12879743787992e-16	0.817007112745117
chr21	42818251	42818500	250	*	1	1.60472994171461e-15	1.01103994027013
chr21	42974501	42974750	250	*	1	1.60472994171461e-15	1.01103994027013
chr21	37712001	37712250	250	*	1	2.54206837284338e-15	1.09021463480774
chr21	44510751	44511000	250	*	1	2.54206837284338e-15	1.09021463480774
chr21	33196751	33197000	250	*	1	3.09815751515383e-15	0.838766933433189
chr21	22792001	22792250	250	*	1	3.78199229256892e-15	0.859606627172297
chr21	34583001	34583250	250	*	1	4.22901926604842e-15	1.27527822757393
chr21	26849501	26849750	250	*	1	4.4895721505437e-15	0.982061415732719
chr21	38159501	38159750	250	*	1	4.85293280510574e-15	0.943319993772905
chr21	44297501	44297750	250	*	1	4.90090998440725e-15	0.806713814382369
chr21	16330251	16330500	250	*	1	6.30643432381363e-15	1.35376451132429
chr21	17387251	17387500	250	*	1	6.40330719631355e-15	0.823929493812939
chr21	32771751	32772000	250	*	1	8.54557581655592e-15	0.706753160733402
chr21	32921751	32922000	250	*	1	1.19042399095311e-14	0.955394012013627
chr21	34801751	34802000	250	*	1	1.7861745771467e-14	1.075979208369
chr21	45309001	45309250	250	*	1	1.7861745771467e-14	1.075979208369
chr21	20882501	20882750	250	*	1	1.91440807003054e-14	1.2014910119198
chr21	46147251	46147500	250	*	1	1.91440807003054e-14	1.2014910119198
chr21	36260501	36260750	250	*	1	2.03036542388684e-14	0.724317689018711
chr21	43269501	43269750	250	*	1	2.44565061478037e-14	1.01599525513759
chr21	36917751	36918000	250	*	1	3.30659415463971e-14	1.25895940713004
chr21	32136251	32136500	250	*	1	4.19066885418151e-14	2.63789319431049
chr21	46325251	46325500	250	*	1	4.49478335651487e-14	0.83198473990305
chr21	18499751	18500000	250	*	1	6.92776142863436e-14	0.984266685461453
chr21	36028751	36029000	250	*	1	7.29321822206429e-14	0.907696849602306
chr21	16330501	16330750	250	*	1	7.57842357327851e-14	1.1410729669913
chr21	44013751	44014000	250	*	1	9.27139726925919e-14	0.816458629068406
chr21	37221001	37221250	250	*	1	1.68693301462072e-13	0.705209959186687
chr21	31509751	31510000	250	*	1	1.84494414635487e-13	0.955288160924046
chr21	43645751	43646000	250	*	1	1.84757498574758e-13	0.91757727735968
chr21	39716001	39716250	250	*	1	2.59341956415111e-13	1.24180362494622
chr21	42010501	42010750	250	*	1	2.59341956415111e-13	1.24180362494622
chr21	41877001	41877250	250	*	1	2.67643543715266e-13	1.0899146427645
chr21	14774001	14774250	250	*	1	3.67777806903482e-13	0.787413914020138
chr21	45923251	45923500	250	*	1	3.78155892573205e-13	1.02194750687312
chr21	15730251	15730500	250	*	1	3.9048563362993e-13	2.61630907892744
chr21	44911501	44911750	250	*	1	4.13921997982465e-13	1.31852546953648
chr21	31180751	31181000	250	*	1	4.42412137196457e-13	0.970031259022717
chr21	36209501	36209750	250	*	1	4.42412137196457e-13	0.970031259022717
chr21	34693501	34693750	250	*	1	4.57975945528615e-13	0.928620757204954
chr21	27701251	27701500	250	*	1	5.65351808656576e-13	1.43219470877249
chr21	31874001	31874250	250	*	1	5.65351808656576e-13	1.43219470877249
chr21	44295751	44296000	250	*	1	6.46042099961454e-13	0.824363853244011
chr21	44801251	44801500	250	*	1	6.46042099961454e-13	0.824363853244011
chr21	26169001	26169250	250	*	1	8.44521590824036e-13	1.04555132394711
chr21	31198751	31199000	250	*	1	9.78058742116334e-13	0.873058510286828
chr21	25862751	25863000	250	*	1	1.05031070007303e-12	0.986891682287117
chr21	38733751	38734000	250	*	1	1.05031070007303e-12	0.986891682287117
chr21	31559001	31559250	250	*	1	1.06834329861381e-12	1.16801640929209
chr21	46324751	46325000	250	*	1	1.08846601520157e-12	0.90392291053912
chr21	45138751	45139000	250	*	1	1.12349120029311e-12	0.94105273448531
chr21	36589251	36589500	250	*	1	2.14080011384948e-12	0.852839941475649
chr21	33361501	33361750	250	*	1	2.41083741207498e-12	0.74808878581431
chr21	42513501	42513750	250	*	1	2.46735891143505e-12	1.00638776886296
chr21	42850751	42851000	250	*	1	2.46735891143505e-12	1.00638776886296
chr21	15592251	15592500	250	*	1	2.76574553411759e-12	0.914385330766217
chr21	42467251	42467500	250	*	1	3.44261487770143e-12	0.65370582369785
chr21	14120001	14120250	250	*	1	3.89378185451504e-12	1.10759836436359
chr21	32096501	32096750	250	*	1	3.89378185451504e-12	1.10759836436359
chr21	35940501	35940750	250	*	1	3.89378185451504e-12	1.10759836436359
chr21	15592501	15592750	250	*	1	6.7843633457018e-12	0.97133194427696
chr21	42233751	42234000	250	*	1	6.93952675893364e-12	0.795458189351895
chr21	41610251	41610500	250	*	1	6.95977107218331e-12	0.92618458807357
chr21	38712251	38712500	250	*	1	7.89689734015046e-12	1.1499331496881
chr21	39441751	39442000	250	*	1	9.27896838594499e-12	0.815736046872757
chr21	45970501	45970750	250	*	1	1.28371172311655e-11	1.05644004013679
chr21	36927501	36927750	250	*	1	1.34598319308854e-11	0.779932078517251
chr21	46143751	46144000	250	*	1	1.35400052963257e-11	0.712903589944016
chr21	33200001	33200250	250	*	1	1.35539759656181e-11	0.630650921545918
chr21	21003751	21004000	250	*	1	1.48256360812752e-11	1.20460358539982
chr21	31781001	31781250	250	*	1	1.48256360812752e-11	1.20460358539982
chr21	38796501	38796750	250	*	1	1.48256360812752e-11	1.20460358539982
chr21	33230501	33230750	250	*	1	1.64000293757621e-11	0.899517184354477
chr21	46286001	46286250	250	*	1	1.64000293757621e-11	0.899517184354477
chr21	46635001	46635250	250	*	1	2.5291927051812e-11	0.765094638897
chr21	17926001	17926250	250	*	1	4.23961286616547e-11	0.910624850063413
chr21	25040001	25040250	250	*	1	4.72407447964898e-11	0.750887363468982
chr21	42467501	42467750	250	*	1	6.68299475750945e-11	0.681069096369276
chr21	25561751	25562000	250	*	1	8.64059912938418e-11	0.737258898213316
chr21	43816751	43817000	250	*	1	8.80470593713261e-11	1.0383567805328
chr21	44268001	44268250	250	*	1	9.87106043359815e-11	0.88395744634432
chr21	23968501	23968750	250	*	1	1.0489424780492e-10	0.972913166235256
chr21	36585001	36585250	250	*	1	1.0489424780492e-10	0.972913166235256
chr21	24375251	24375500	250	*	1	1.13228707520328e-10	1.18432794699125
chr21	44718751	44719000	250	*	1	1.96996707925561e-10	1.0703983248172
chr21	37220501	37220750	250	*	1	2.34311755967493e-10	0.73776847548087
chr21	18295251	18295500	250	*	1	2.53642112793115e-10	0.993993461715409
chr21	41612251	41612500	250	*	1	2.63715723042154e-10	0.78784625361346
chr21	25607251	25607500	250	*	1	2.90029345916868e-10	0.689000867817973
chr21	14119251	14119500	250	*	1	3.20634593904922e-10	1.36726175673178
chr21	44846001	44846250	250	*	1	3.46982835312203e-10	0.753158823708577
chr21	44509751	44510000	250	*	1	4.20796372372781e-10	1.11054073133713
chr21	25562001	25562250	250	*	1	4.84082741294275e-10	0.678049333803433
chr21	45550001	45550250	250	*	1	5.75239675597446e-10	0.867638625900432
chr21	31180501	31180750	250	*	1	6.73004400136741e-10	0.954829906631266
chr21	33445501	33445750	250	*	1	7.28198667079022e-10	0.711045033615653
chr21	41917251	41917500	250	*	1	8.53435004863263e-10	1.16274383160821
chr21	25567501	25567750	250	*	1	1.30172709914096e-09	0.657166374243233
chr21	43719001	43719250	250	*	1	1.60549089222647e-09	1.23447573755337
chr21	41321251	41321500	250	*	1	1.65659645627303e-09	0.974876681773003
chr21	17585751	17586000	250	*	1	1.67578337535302e-09	0.919774082045262
chr21	36989751	36990000	250	*	1	1.72010305433282e-09	0.738923397269841
chr21	37563501	37563750	250	*	1	2.14826935333927e-09	0.66542550537832
chr21	26732501	26732750	250	*	1	2.63642592596026e-09	1.34247868655732
chr21	36747751	36748000	250	*	1	2.88830452196542e-09	2.51259007302376
chr21	41168001	41168250	250	*	1	2.88830452196542e-09	2.51259007302376
chr21	26170501	26170750	250	*	1	3.00905483670535e-09	1.08895661595408
chr21	36541751	36542000	250	*	1	3.46699995935709e-09	0.654821118719515
chr21	45138501	45138750	250	*	1	3.91056306991378e-09	0.888045512369122
chr21	25350251	25350500	250	*	1	3.93589117946168e-09	0.998964362181824
chr21	41839251	41839500	250	*	1	3.93589117946168e-09	0.998964362181824
chr21	45236501	45236750	250	*	1	3.93589117946168e-09	0.998964362181824
chr21	15826001	15826250	250	*	1	4.18555623176061e-09	0.93571312668886
chr21	14306751	14307000	250	*	1	6.2641400614256e-09	1.13967063335911
chr21	31499001	31499250	250	*	1	6.2641400614256e-09	1.13967063335911
chr21	33895001	33895250	250	*	1	6.2641400614256e-09	1.13967063335911
chr21	34243501	34243750	250	*	1	6.84017148090828e-09	0.825784997050779
chr21	17586001	17586250	250	*	1	6.84546406640728e-09	0.757418369191563
chr21	42117251	42117500	250	*	1	6.84546406640728e-09	0.757418369191563
chr21	25790001	25790250	250	*	1	9.13521035063123e-09	1.02853857102558
chr21	31347501	31347750	250	*	1	9.13521035063123e-09	1.02853857102558
chr21	36484251	36484500	250	*	1	9.13521035063123e-09	1.02853857102558
chr21	37564251	37564500	250	*	1	9.13521035063123e-09	0.652306617390207
chr21	45309251	45309500	250	*	1	9.13521035063123e-09	1.02853857102558
chr21	32359751	32360000	250	*	1	1.20599140441195e-08	1.2096926673789
chr21	39153501	39153750	250	*	1	1.20599140441195e-08	1.2096926673789
chr21	31198501	31198750	250	*	1	1.42416702008238e-08	0.709217811237851
chr21	36141751	36142000	250	*	1	1.42416702008238e-08	0.709217811237851
chr21	25561501	25561750	250	*	1	1.51129837466636e-08	0.683155240356356
chr21	17512501	17512750	250	*	1	2.07712028653986e-08	1.06588341770499
chr21	46551751	46552000	250	*	1	2.07712028653986e-08	1.06588341770499
chr21	39313751	39314000	250	*	1	2.21603263710461e-08	0.724021623682588
chr21	30463751	30464000	250	*	1	2.23782602116168e-08	0.868928732426716
chr21	43865251	43865500	250	*	1	2.62699231927547e-08	2.48072067223119
chr21	41612501	41612750	250	*	1	2.64287443859136e-08	0.781266229977927
chr21	46153501	46153750	250	*	1	2.64287443859136e-08	0.781266229977927
chr21	14253751	14254000	250	*	1	3.86350078901716e-08	0.708495512847944
chr21	21921751	21922000	250	*	1	4.4886941743854e-08	1.11488756318465
chr21	27564751	27565000	250	*	1	4.4886941743854e-08	1.11488756318465
chr21	28517251	28517500	250	*	1	4.4886941743854e-08	1.11488756318465
chr21	34544001	34544250	250	*	1	4.79591284176661e-08	0.839950207889309
chr21	42309501	42309750	250	*	1	4.98364210844588e-08	0.761047661166748
chr21	34671001	34671250	250	*	1	5.84793956369769e-08	0.880381663694284
chr21	31142751	31143000	250	*	1	6.06303911440935e-08	1.00546537277649
chr21	39138001	39138250	250	*	1	6.06303911440935e-08	1.00546537277649
chr21	36504501	36504750	250	*	1	6.53438648957284e-08	0.693658073227694
chr21	25895751	25896000	250	*	1	7.12825935989011e-08	0.784702421701302
chr21	34073251	34073500	250	*	1	9.07697602338031e-08	1.18292587079001
chr21	42537251	42537500	250	*	1	9.10365370127457e-08	0.741981620052019
chr21	39314001	39314250	250	*	1	9.77462733433428e-08	0.813282804170217
chr21	42360501	42360750	250	*	1	9.77462733433428e-08	0.813282804170217
chr21	33480251	33480500	250	*	1	1.0356051843604e-07	0.7077028032387
chr21	44800251	44800500	250	*	1	1.08847416759061e-07	0.679450797799676
chr21	39715751	39716000	250	*	1	1.26547249332066e-07	0.848653094018144
chr21	39445501	39445750	250	*	1	1.34375722935058e-07	0.763182970373937
chr21	29500001	29500250	250	*	1	1.40736284350748e-07	1.04110034753053
chr21	32688001	32688250	250	*	1	1.40736284350748e-07	1.04110034753053
chr21	41817501	41817750	250	*	1	1.50436983628636e-07	0.893853372897246
chr21	36631001	36631250	250	*	1	1.59447860600804e-07	0.954307048549688
chr21	43829501	43829750	250	*	1	1.6268719145342e-07	1.28661594907719
chr21	44310751	44311000	250	*	1	1.6268719145342e-07	1.28661594907719
chr21	42330751	42331000	250	*	1	1.77203913287414e-07	0.66582233254401
chr21	37916251	37916500	250	*	1	2.39419670606813e-07	2.44549282211922
chr21	15730001	15730250	250	*	1	2.44947889054609e-07	1.47818738424497
chr21	31509501	31509750	250	*	1	2.60486232024355e-07	0.819674569480737
chr21	37463001	37463250	250	*	1	2.86595573382477e-07	0.652727355934459
chr21	46402501	46402750	250	*	1	3.15253852888142e-07	1.08812076659575
chr21	23853751	23854000	250	*	1	3.88888071622573e-07	0.909943729732295
chr21	37619751	37620000	250	*	1	3.91195515220998e-07	0.980682302602027
chr21	37659001	37659250	250	*	1	3.91195515220998e-07	0.980682302602027
chr21	41917001	41917250	250	*	1	3.91195515220998e-07	0.980682302602027
chr21	29090251	29090500	250	*	1	4.72369210640268e-07	0.690547021054881
chr21	37533251	37533500	250	*	1	4.72369210640268e-07	0.690547021054881
chr21	17931001	17931250	250	*	1	6.63191864973806e-07	0.744066190431531
chr21	23936251	23936500	250	*	1	6.63191864973806e-07	1.15382992989878
chr21	32143751	32144000	250	*	1	6.63191864973806e-07	1.15382992989878
chr21	36260751	36261000	250	*	1	6.63191864973806e-07	0.744066190431531
chr21	44817751	44818000	250	*	1	6.63191864973806e-07	1.15382992989878
chr21	33901751	33902000	250	*	1	9.4399830178873e-07	1.01433355094163
chr21	38621251	38621500	250	*	1	9.4399830178873e-07	1.01433355094163
chr21	36422501	36422750	250	*	1	9.82952024839737e-07	0.768309319095811
chr21	42011251	42011500	250	*	1	1.18667147703024e-06	0.723847621620352
chr21	46210501	46210750	250	*	1	1.27979606146782e-06	1.25474654828463
chr21	17931251	17931500	250	*	1	1.39805198773359e-06	0.798090454097695
chr21	44338251	44338500	250	*	1	1.66585828335525e-06	0.604940473723554
chr21	25562251	25562500	250	*	1	1.72110219915607e-06	0.565313393132325
chr21	30839501	30839750	250	*	1	1.87466024504857e-06	0.835724350062148
chr21	45098751	45099000	250	*	1	2.05898663444392e-06	0.704781580505623
chr21	23854001	23854250	250	*	1	2.19768108207272e-06	1.05902482570452
chr21	35616251	35616500	250	*	1	2.19768108207272e-06	1.05902482570452
chr21	33588501	33588750	250	*	1	2.2946666982416e-06	0.885160659557832
chr21	34517501	34517750	250	*	1	2.2946666982416e-06	0.885160659557832
chr21	38806251	38806500	250	*	1	2.2946666982416e-06	0.885160659557832
chr21	16194501	16194750	250	*	1	2.4860518174561e-06	0.953915506013128
chr21	36615251	36615500	250	*	1	2.4860518174561e-06	0.953915506013128
chr21	33269001	33269250	250	*	1	2.86573851963872e-06	0.611662633645516
chr21	44267501	44267750	250	*	1	3.76829388202364e-06	0.803995780386008
chr21	46371501	46371750	250	*	1	3.76829388202364e-06	0.803995780386008
chr21	14306501	14306750	250	*	1	4.86641888905909e-06	1.12196052910621
chr21	25507751	25508000	250	*	1	4.92525373621397e-06	0.746725203712768
chr21	36419751	36420000	250	*	1	4.92525373621397e-06	0.746725203712768
chr21	18500001	18500250	250	*	1	4.96483084030903e-06	0.845997104473689
chr21	42851001	42851250	250	*	1	4.96483084030903e-06	0.845997104473689
chr21	43315251	43315500	250	*	1	4.96483084030903e-06	0.845997104473689
chr21	33947751	33948000	250	*	1	5.53392911828855e-06	0.70357198321178
chr21	38734251	38734500	250	*	1	5.53392911828855e-06	0.70357198321178
chr21	29092751	29093000	250	*	1	5.95290768335615e-06	0.902757181786327
chr21	42309001	42309250	250	*	1	5.95290768335615e-06	0.902757181786327
chr21	37675501	37675750	250	*	1	6.12085450051217e-06	0.9852376100504
chr21	45444001	45444250	250	*	1	6.12085450051217e-06	0.9852376100504
chr21	14253501	14253750	250	*	1	7.16864330835363e-06	0.775017255848601
chr21	25607751	25608000	250	*	1	7.16864330835363e-06	0.775017255848601
chr21	43975751	43976000	250	*	1	7.16864330835363e-06	0.775017255848601
chr21	45292751	45293000	250	*	1	8.68079923602208e-06	0.723725887967281
chr21	38334251	38334500	250	*	1	9.74558099286031e-06	1.21951869817266
chr21	44761501	44761750	250	*	1	1.00931589703094e-05	0.810941279887686
chr21	37087251	37087500	250	*	1	1.3363960703828e-05	0.748349852129508
chr21	26717251	26717500	250	*	1	1.48184118498059e-05	1.02715542491196
chr21	27803001	27803250	250	*	1	1.48184118498059e-05	1.02715542491196
chr21	29092501	29092750	250	*	1	1.48184118498059e-05	1.02715542491196
chr21	41369251	41369500	250	*	1	1.52782554941981e-05	0.666468088608888
chr21	32994251	32994500	250	*	1	1.52925148134157e-05	0.9248195651219
chr21	42320001	42320250	250	*	1	1.52925148134157e-05	0.9248195651219
chr21	45880751	45881000	250	*	1	1.52925148134157e-05	0.9248195651219
chr21	31065001	31065250	250	*	1	1.67200125733087e-05	1.4035811037969
chr21	34231501	34231750	250	*	1	1.67200125733087e-05	1.4035811037969
chr21	44835501	44835750	250	*	1	1.67200125733087e-05	1.4035811037969
chr21	36966251	36966500	250	*	1	1.93657804111885e-05	0.779212710211546
chr21	42381251	42381500	250	*	1	1.93657804111885e-05	0.779212710211546
chr21	44304751	44305000	250	*	1	1.93657804111885e-05	0.779212710211546
chr21	45880251	45880500	250	*	1	1.93657804111885e-05	0.779212710211546
chr21	39136251	39136500	250	*	1	1.96608659590089e-05	2.36147506016262
chr21	40512751	40513000	250	*	1	1.96608659590089e-05	2.36147506016262
chr21	25507501	25507750	250	*	1	2.33633137652206e-05	0.723652005463675
chr21	43864501	43864750	250	*	1	2.33633137652206e-05	0.723652005463675
chr21	37220751	37221000	250	*	1	2.38987768079551e-05	0.571465871095846
chr21	15483001	15483250	250	*	1	2.4071783118593e-05	0.649353178566916
chr21	36976751	36977000	250	*	1	2.4071783118593e-05	0.649353178566916
chr21	37563751	37564000	250	*	1	2.88218539301171e-05	0.58856780736215
chr21	24045751	24046000	250	*	1	3.37382648339243e-05	1.08673267899424
chr21	30434001	30434250	250	*	1	3.43190854456482e-05	0.873661240895098
chr21	34912251	34912500	250	*	1	3.43190854456482e-05	0.873661240895098
chr21	42890501	42890750	250	*	1	3.43190854456482e-05	0.873661240895098
chr21	45443751	45444000	250	*	1	3.43190854456482e-05	0.873661240895098
chr21	33265751	33266000	250	*	1	3.78474198920155e-05	0.633071343099913
chr21	30044751	30045000	250	*	1	3.8317202345863e-05	0.953368209257835
chr21	38505501	38505750	250	*	1	3.8317202345863e-05	0.953368209257835
chr21	37073501	37073750	250	*	1	4.20752237132174e-05	0.576423591857707
chr21	23452751	23453000	250	*	1	5.20075802122693e-05	0.784174483298787
chr21	38236251	38236500	250	*	1	5.20075802122693e-05	0.784174483298787
chr21	45768501	45768750	250	*	1	5.20075802122693e-05	0.784174483298787
chr21	45768751	45769000	250	*	1	5.20075802122693e-05	0.784174483298787
chr21	25350001	25350250	250	*	1	6.31273846580226e-05	0.723566781955046
chr21	37497001	37497250	250	*	1	6.31273846580226e-05	0.723566781955046
chr21	42064251	42064500	250	*	1	6.65781382445769e-05	0.679133238390823
chr21	29817501	29817750	250	*	1	7.14761364237266e-05	1.18014026783656
chr21	31992001	31992250	250	*	1	7.14761364237266e-05	1.18014026783656
chr21	43760501	43760750	250	*	1	7.14761364237266e-05	1.18014026783656
chr21	43979751	43980000	250	*	1	7.16198698018167e-05	0.829297922077705
chr21	21102001	21102250	250	*	1	9.01881141646798e-05	0.892950164329334
chr21	23131251	23131500	250	*	1	9.49458920911814e-05	0.99192757479999
chr21	31041501	31041750	250	*	1	9.49458920911814e-05	0.99192757479999
chr21	38712001	38712250	250	*	1	9.49458920911814e-05	0.99192757479999
chr21	42256001	42256250	250	*	1	9.49458920911814e-05	0.99192757479999
chr21	34091751	34092000	250	*	1	9.60542296572601e-05	0.752445913622647
chr21	41862251	41862500	250	*	1	9.60542296572601e-05	0.752445913622647
chr21	25567751	25568000	250	*	1	0.000130758813359162	0.588500517217
chr21	21751501	21751750	250	*	1	0.000132876325353834	1.35894177217639
chr21	39137251	39137500	250	*	1	0.000132876325353834	1.35894177217639
chr21	40386251	40386500	250	*	1	0.000132876325353834	1.35894177217639
chr21	44067501	44067750	250	*	1	0.000132876325353834	1.35894177217639
chr21	29849501	29849750	250	*	1	0.000139988758148996	0.790134366993562
chr21	33855251	33855500	250	*	1	0.000139988758148996	0.790134366993562
chr21	36479001	36479250	250	*	1	0.000139988758148996	0.790134366993562
chr21	44618501	44618750	250	*	1	0.000139988758148996	0.790134366993562
chr21	36430001	36430250	250	*	1	0.000151283744829465	0.61148722771687
chr21	36422001	36422250	250	*	1	0.000169516162021514	0.639848628464915
chr21	41461001	41461250	250	*	1	0.000169516162021514	0.723467389085239
chr21	41768751	41769000	250	*	1	0.000169516162021514	0.723467389085239
chr21	44817501	44817750	250	*	1	0.000169516162021514	0.723467389085239
chr21	44800001	44800250	250	*	1	0.000176980103433497	0.675869619543725
chr21	20971251	20971500	250	*	1	0.000188882832772671	0.841791840102533
chr21	25639501	25639750	250	*	1	0.000188882832772671	0.841791840102533
chr21	31457751	31458000	250	*	1	0.000188882832772671	0.841791840102533
chr21	41896001	41896250	250	*	1	0.000188882832772671	0.841791840102533
chr21	44718501	44718750	250	*	1	0.000188882832772671	0.841791840102533
chr21	45236751	45237000	250	*	1	0.000188882832772671	0.841791840102533
chr21	31933751	31934000	250	*	1	0.000225268170041884	1.04735424865815
chr21	26171001	26171250	250	*	1	0.000229161389868072	0.918140359145866
chr21	34072751	34073000	250	*	1	0.000229161389868072	0.918140359145866
chr21	34201751	34202000	250	*	1	0.000229161389868072	0.918140359145866
chr21	37446751	37447000	250	*	1	0.000229161389868072	0.918140359145866
chr21	45596501	45596750	250	*	1	0.000257951096923256	0.755078542407558
chr21	25640001	25640250	250	*	1	0.000283610365673997	0.654350168216361
chr21	46326251	46326500	250	*	1	0.000283610365673997	0.654350168216361
chr21	32570001	32570250	250	*	1	0.000395933134543443	0.60469586493478
chr21	36153001	36153250	250	*	1	0.000449394213580874	0.634131599405181
chr21	45287751	45288000	250	*	1	0.000449394213580874	0.634131599405181
chr21	25790251	25790500	250	*	1	0.000459923340597525	0.723349972731418
chr21	25896001	25896250	250	*	1	0.000459923340597525	0.723349972731418
chr21	36420251	36420500	250	*	1	0.000459923340597525	0.723349972731418
chr21	37675001	37675250	250	*	1	0.000475540677753012	0.672102138700313
chr21	45591001	45591250	250	*	1	0.000475540677753012	0.672102138700313
chr21	29850001	29850250	250	*	1	0.000504046249651457	0.857722314217365
chr21	34073501	34073750	250	*	1	0.000504046249651457	0.857722314217365
chr21	46420501	46420750	250	*	1	0.000504046249651457	0.857722314217365
chr21	24705501	24705750	250	*	1	0.000505358179151481	1.13550093621605
chr21	31873001	31873250	250	*	1	0.000505358179151481	1.13550093621605
chr21	41746001	41746250	250	*	1	0.000505358179151481	1.13550093621605
chr21	20443501	20443750	250	*	1	0.000582672488766611	0.952549144463894
chr21	31041751	31042000	250	*	1	0.000582672488766611	0.952549144463894
chr21	31566251	31566500	250	*	1	0.000582672488766611	0.952549144463894
chr21	39089001	39089250	250	*	1	0.000582672488766611	0.952549144463894
chr21	44322251	44322500	250	*	1	0.000582672488766611	0.952549144463894
chr21	44510251	44510500	250	*	1	0.000582672488766611	0.952549144463894
chr21	42455251	42455500	250	*	1	0.000696918626943802	0.758264966200997
chr21	44302001	44302250	250	*	1	0.000696918626943802	0.758264966200997
chr21	42376751	42377000	250	*	1	0.000753169172678755	0.649102822954826
chr21	41973751	41974000	250	*	1	0.000771105748347748	0.694371448194011
chr21	45818501	45818750	250	*	1	0.000771105748347748	0.694371448194011
chr21	31086751	31087000	250	*	1	0.0010179450161432	0.806563989990564
chr21	31731251	31731500	250	*	1	0.0010179450161432	0.806563989990564
chr21	35400251	35400500	250	*	1	0.0010179450161432	0.806563989990564
chr21	31785751	31786000	250	*	1	0.00101972117550215	0.597027704802289
chr21	27759001	27759250	250	*	1	0.00102224734686229	1.30741587691656
chr21	32412751	32413000	250	*	1	0.00102224734686229	1.30741587691656
chr21	42033251	42033500	250	*	1	0.00102224734686229	1.30741587691656
chr21	29476751	29477000	250	*	1	0.00123300144020632	0.723209141614993
chr21	32921501	32921750	250	*	1	0.00123300144020632	0.723209141614993
chr21	42411501	42411750	250	*	1	0.00123300144020632	0.723209141614993
chr21	44300501	44300750	250	*	1	0.00123300144020632	0.723209141614993
chr21	29342501	29342750	250	*	1	0.00125659597583104	0.667704044474919
chr21	34670501	34670750	250	*	1	0.00125659597583104	0.667704044474919
chr21	36028251	36028500	250	*	1	0.00125659597583104	0.667704044474919
chr21	41974001	41974250	250	*	1	0.00125659597583104	0.667704044474919
chr21	14953001	14953250	250	*	1	0.00132194255526278	0.87876192880977
chr21	21751251	21751500	250	*	1	0.00132194255526278	0.87876192880977
chr21	36389751	36390000	250	*	1	0.00132194255526278	0.87876192880977
chr21	41589251	41589500	250	*	1	0.00132194255526278	0.87876192880977
chr21	26715751	26716000	250	*	1	0.00144435300443529	1.00271491703763
chr21	32414751	32415000	250	*	1	0.00144435300443529	1.00271491703763
chr21	34888751	34889000	250	*	1	0.00144435300443529	1.00271491703763
chr21	42831001	42831250	250	*	1	0.00144435300443529	1.00271491703763
chr21	42831251	42831500	250	*	1	0.00144435300443529	1.00271491703763
chr21	44455751	44456000	250	*	1	0.00144435300443529	1.00271491703763
chr21	16975001	16975250	250	*	1	0.00148942981804082	2.24901737466399
chr21	31285001	31285250	250	*	1	0.00148942981804082	2.24901737466399
chr21	39026251	39026500	250	*	1	0.00148942981804082	2.24901737466399
chr21	41045751	41046000	250	*	1	0.00148942981804082	2.24901737466399
chr21	41953751	41954000	250	*	1	0.00148942981804082	2.24901737466399
chr21	45542501	45542750	250	*	1	0.00148942981804082	2.24901737466399
chr21	45644001	45644250	250	*	1	0.00148942981804082	2.24901737466399
chr21	37366501	37366750	250	*	1	0.00173495339050448	0.607364802816282
chr21	44479751	44480000	250	*	1	0.00173495339050448	0.607364802816282
chr21	28745501	28745750	250	*	1	0.00184994828594277	0.76220067117317
chr21	31264751	31265000	250	*	1	0.00184994828594277	0.76220067117317
chr21	36501501	36501750	250	*	1	0.00184994828594277	0.76220067117317
chr21	44742501	44742750	250	*	1	0.00184994828594277	0.76220067117317
chr21	32994501	32994750	250	*	1	0.0019556425480671	0.643006197809085
chr21	43727501	43727750	250	*	1	0.00203722128839988	0.691480571938853
chr21	30839251	30839500	250	*	1	0.00269226862634342	0.818343883881269
chr21	44444501	44444750	250	*	1	0.00269226862634342	0.818343883881269
chr21	45308751	45309000	250	*	1	0.00269226862634342	0.818343883881269
chr21	44801751	44802000	250	*	1	0.00303757208278978	0.620006882063598
chr21	46325501	46325750	250	*	1	0.00303757208278978	0.620006882063598
chr21	40143751	40144000	250	*	1	0.00329642963760832	0.723037116089027
chr21	42654501	42654750	250	*	1	0.00329642963760832	0.723037116089027
chr21	43269251	43269500	250	*	1	0.00329642963760832	0.723037116089027
chr21	44012001	44012250	250	*	1	0.00329642963760832	0.723037116089027
chr21	14253251	14253500	250	*	1	0.00341774493194889	1.08397504095622
chr21	17554751	17555000	250	*	1	0.00341774493194889	0.907909812843381
chr21	21303001	21303250	250	*	1	0.00341774493194889	0.907909812843381
chr21	28522001	28522250	250	*	1	0.00341774493194889	0.907909812843381
chr21	30962001	30962250	250	*	1	0.00341774493194889	1.08397504095622
chr21	32364251	32364500	250	*	1	0.00341774493194889	1.08397504095622
chr21	34957751	34958000	250	*	1	0.00341774493194889	1.08397504095622
chr21	38251001	38251250	250	*	1	0.00341774493194889	1.08397504095622
chr21	42631251	42631500	250	*	1	0.00341774493194889	1.08397504095622
chr21	43269001	43269250	250	*	1	0.00341774493194889	0.907909812843381
chr21	21163751	21164000	250	*	1	0.00505864837417069	0.767185559654468
chr21	41283001	41283250	250	*	1	0.00505864837417069	0.767185559654468
chr21	43941751	43942000	250	*	1	0.00505864837417069	0.767185559654468
chr21	44295251	44295500	250	*	1	0.00505864837417069	0.767185559654468
chr21	14862751	14863000	250	*	1	0.00519452589465867	0.635834643682353
chr21	30194751	30195000	250	*	1	0.00519452589465867	0.635834643682353
chr21	42117751	42118000	250	*	1	0.00519452589465867	0.635834643682353
chr21	14119001	14119250	250	*	1	0.00548815279140201	0.687981291503024
chr21	25560251	25560500	250	*	1	0.00548815279140201	0.687981291503024
chr21	26169251	26169500	250	*	1	0.00548815279140201	0.687981291503024
chr21	20971501	20971750	250	*	1	0.00719888520858323	0.834122597189257
chr21	29361501	29361750	250	*	1	0.00719888520858323	0.834122597189257
chr21	30072501	30072750	250	*	1	0.00719888520858323	0.834122597189257
chr21	30434251	30434500	250	*	1	0.00719888520858323	0.834122597189257
chr21	36662001	36662250	250	*	1	0.00719888520858323	0.834122597189257
chr21	38127001	38127250	250	*	1	0.00719888520858323	0.834122597189257
chr21	39096751	39097000	250	*	1	0.00719888520858323	0.834122597189257
chr21	42861751	42862000	250	*	1	0.00719888520858323	0.834122597189257
chr21	44377501	44377750	250	*	1	0.00719888520858323	0.834122597189257
chr21	17513001	17513250	250	*	1	0.00743110739347135	1.24648408667777
chr21	21232501	21232750	250	*	1	0.00743110739347135	1.24648408667777
chr21	29115501	29115750	250	*	1	0.00743110739347135	1.24648408667777
chr21	31143001	31143250	250	*	1	0.00743110739347135	1.24648408667777
chr21	32100251	32100500	250	*	1	0.00743110739347135	1.24648408667777
chr21	32360501	32360750	250	*	1	0.00743110739347135	1.24648408667777
chr21	41320501	41320750	250	*	1	0.00743110739347135	1.24648408667777
chr21	41786501	41786750	250	*	1	0.00743110739347135	1.24648408667777
chr21	41932251	41932500	250	*	1	0.00743110739347135	1.24648408667777
chr21	45226751	45227000	250	*	1	0.00743110739347135	1.24648408667777
chr21	45643251	45643500	250	*	1	0.00743110739347135	1.24648408667777
chr21	24896001	24896250	250	*	1	0.00777306652436282	0.611136797016519
chr21	45439751	45440000	250	*	1	0.00777306652436282	0.611136797016519
chr21	14766251	14766500	250	*	1	0.00867373889449344	0.951189021777801
chr21	15553251	15553500	250	*	1	0.00867373889449344	0.951189021777801
chr21	17903251	17903500	250	*	1	0.00867373889449344	0.656252721826884
chr21	19507751	19508000	250	*	1	0.00867373889449344	0.656252721826884
chr21	25801251	25801500	250	*	1	0.00867373889449344	0.722822240837074
chr21	25887251	25887500	250	*	1	0.00867373889449344	0.951189021777801
chr21	28793251	28793500	250	*	1	0.00867373889449344	0.951189021777801
chr21	31558751	31559000	250	*	1	0.00867373889449344	0.951189021777801
chr21	32940751	32941000	250	*	1	0.00867373889449344	0.951189021777801
chr21	36585251	36585500	250	*	1	0.00867373889449344	0.722822240837074
chr21	38172001	38172250	250	*	1	0.00867373889449344	0.951189021777801
chr21	38806001	38806250	250	*	1	0.00867373889449344	0.951189021777801
chr21	42009501	42009750	250	*	1	0.00867373889449344	0.656252721826884
chr21	46153001	46153250	250	*	1	0.00867373889449344	0.951189021777801
chr21	46294751	46295000	250	*	1	0.00867373889449344	0.722822240837074
